15 38 52 51 66 76 92 83 75 74 65 43
67 72 56 62 59 73 76 85 76 82 80 62
1 21 38 31 66 67 82 75 74 62 47 37
73 71 78 76 78 82 87 86 85 85 81 78
25 57 59 64 72 89 93 87 89 80 57 64
1828 1844 1853 1844 1864 1864 1881 1885 1860 1833 1870 1893
1900 1903 1899 1865 1854 1853 1871 1873 1873 1881 1874 1869
1863 1883 1863 1878 1877 1863 1884 1868 1873 1921 1904 1899
1898 1857 1901 1885 1901 1875 1898 1864 1876 1889 1901 1876
1844 1844 1892 1906 1859 1839 1861 1866 1876 1842 1863 1838
0.17 0.17 0.17 0.15 0.16 0.14 0.14 0.17 0.17 0.16 0.17 0.20
0.14 0.14 0.14 0.14 0.15 0.15 0.13 0.14 0.13 0.14 0.14 0.15
0.16 0.16 0.14 0.14 0.13 0.13 0.13 0.13 0.13 0.13 0.13 0.14
0.13 0.14 0.12 0.13 0.13 0.13 0.13 0.13 0.13 0.13 0.12 0.12
0.14 0.14 0.14 0.13 0.13 0.13 0.14 0.14 0.14 0.14 0.14 0.14
0.03 0.03 0.03 0.03 0.03 0.04 0.03 0.03 0.03 0.03 0.03 0.03
0.03 0.03 0.03 0.03 0.04 0.03 0.03 0.03 0.03 0.03 0.03 0.03
0.03 0.03 0.03 0.03 0.02 0.03 0.03 0.03 0.03 0.04 0.03 0.03
0.03 0.03 0.03 0.03 0.03 0.03 0.03 0.03 0.03 0.03 0.03 0.03
0.03 0.03 0.03 0.03 0.03 0.03 0.03 0.03 0.03 0.03 0.03 0.03
0.01 0.01 0.01 0.00 0.01 0.01 0.01 0.01 0.01 0.00 0.01 0.01
0.02 0.00 0.01 0.01 0.00 0.01 0.01 0.00 0.01 0.01 0.00 0.01
0.01 0.00 0.01 0.01 0.03 0.02 0.00 0.01 0.01 0.01 0.01 0.01
0.00 0.00 0.00 0.00 0.00 0.00 0.00 0.00 0.00 0.00 0.00 0.00
0.00 0.01 0.00 0.01 0.00 0.00 0.00 0.00 0.00 0.00 0.01 0.00