50 15 33 42 53 74 80 83 72 74 50 37
55 57 61 76 66 68 78 79 81 70 74 61
30 13 30 40 53 62 75 72 68 76 36 39
77 69 77 78 79 85 86 84 85 82 83 77
37 55 41 55 78 86 83 92 87 85 50 49
1905 1886 1889 1877 1898 1881 1883 1871 1876 1924 1924 1925
1883 1882 1903 1894 1882 1892 1879 1897 1884 1895 1871 1882
1864 1901 1857 1899 1899 1899 1908 1857 1857 1857 1899 1857
1901 1882 1857 1879 1888 1906 1891 1885 1857 1901 1889 1879
1863 1858 1885 1875 1863 1877 1858 1866 1864 1869 1849 1853
0.17 0.15 0.17 0.16 0.17 0.18 0.16 0.15 0.17 0.15 0.13 0.13
0.14 0.14 0.15 0.16 0.17 0.15 0.15 0.16 0.16 0.18 0.14 0.14
0.13 0.13 0.13 0.13 0.13 0.14 0.14 0.14 0.12 0.13 0.14 0.13
0.12 0.12 0.12 0.12 0.12 0.11 0.12 0.11 0.12 0.13 0.12 0.12
0.14 0.14 0.15 0.14 0.15 0.13 0.14 0.14 0.15 0.14 0.15 0.14
0.03 0.04 0.03 0.03 0.03 0.03 0.03 0.04 0.03 0.04 0.03 0.03
0.03 0.03 0.03 0.03 0.03 0.03 0.03 0.03 0.03 0.03 0.03 0.03
0.04 0.03 0.03 0.03 0.03 0.03 0.04 0.04 0.03 0.04 0.03 0.04
0.03 0.03 0.03 0.03 0.03 0.03 0.03 0.03 0.03 0.03 0.03 0.03
0.03 0.03 0.03 0.03 0.04 0.03 0.03 0.03 0.03 0.03 0.03 0.03
0.01 0.01 0.02 0.02 0.01 0.02 0.00 0.01 0.01 0.01 0.01 0.01
0.01 0.01 0.01 0.01 0.01 0.00 0.00 0.03 0.03 0.02 0.02 0.03
0.01 0.01 0.01 0.00 0.01 0.01 0.01 0.01 0.01 0.00 0.01 0.00
0.00 0.00 0.00 0.01 0.00 0.00 0.00 0.00 0.00 0.00 0.00 0.00
0.00 0.01 0.01 0.00 0.00 0.01 0.00 0.00 0.00 0.00 0.00 0.00