37 41 34 46 61 65 78 84 74 70 54 49
62 73 59 68 76 74 74 92 76 93 79 73
31 34 40 43 49 65 79 75 71 54 38 31
74 73 66 80 76 83 86 85 86 85 82 65
48 57 65 63 75 79 92 88 81 78 61 48
1918 1916 1896 1856 1840 1842 1855 1841 1861 1835 1850 1865
1885 1882 1860 1876 1876 1885 1879 1891 1875 1889 1885 1895
1901 1864 1901 1880 1901 1908 1888 1898 1906 1901 1888 1857
1908 1880 1885 1857 1860 1880 1882 1901 1888 1876 1891 1900
1837 1841 1878 1865 1886 1888 1877 1890 1875 1883 1887 1880
0.17 0.18 0.16 0.14 0.14 0.14 0.14 0.14 0.14 0.15 0.13 0.13
0.14 0.14 0.15 0.17 0.18 0.13 0.13 0.15 0.17 0.17 0.17 0.20
0.14 0.12 0.14 0.13 0.13 0.13 0.13 0.13 0.12 0.12 0.13 0.14
0.14 0.13 0.12 0.11 0.12 0.12 0.11 0.11 0.11 0.11 0.11 0.11
0.15 0.14 0.14 0.13 0.13 0.13 0.13 0.13 0.14 0.13 0.13 0.13
0.03 0.03 0.03 0.04 0.04 0.03 0.04 0.04 0.03 0.04 0.04 0.04
0.03 0.04 0.03 0.03 0.03 0.03 0.03 0.03 0.03 0.04 0.04 0.03
0.03 0.04 0.04 0.03 0.04 0.03 0.03 0.04 0.03 0.03 0.03 0.04
0.03 0.03 0.03 0.03 0.03 0.03 0.03 0.03 0.03 0.03 0.03 0.03
0.03 0.03 0.03 0.03 0.03 0.04 0.03 0.04 0.03 0.03 0.03 0.04
0.01 0.00 0.00 0.01 0.00 0.00 0.01 0.02 0.01 0.01 0.01 0.01
0.01 0.01 0.01 0.01 0.01 0.01 0.01 0.00 0.00 0.00 0.01 0.01
0.00 0.01 0.01 0.00 0.01 0.00 0.00 0.01 0.01 0.01 0.01 0.01
0.01 0.00 0.00 0.00 0.01 0.00 0.01 0.00 0.00 0.00 0.01 0.00
0.00 0.00 0.00 0.00 0.01 0.02 0.00 0.00 0.00 0.00 0.00 0.00