38 32 43 45 54 68 82 78 69 63 59 41
61 63 67 77 72 73 81 83 78 83 66 75
32 30 31 32 62 66 70 71 75 65 47 44
77 71 78 79 81 79 82 86 85 85 77 74
45 49 48 63 64 76 85 94 95 78 70 67
1868 1881 1883 1874 1889 1859 1855 1846 1860 1878 1850 1844
1857 1864 1857 1888 1901 1880 1906 1908 1900 1901 1898 1899
1900 1901 1857 1901 1864 1857 1900 1880 1864 1906 1857 1906
1857 1901 1888 1901 1880 1900 1901 1888 1901 1857 1885 1882
1870 1883 1905 1888 1900 1893 1906 1874 1877 1878 1882 1893
0.14 0.14 0.14 0.13 0.13 0.15 0.14 0.15 0.14 0.15 0.15 0.14
0.14 0.16 0.16 0.18 0.17 0.17 0.16 0.17 0.15 0.17 0.15 0.17
0.13 0.14 0.16 0.12 0.14 0.13 0.12 0.12 0.12 0.13 0.13 0.14
0.11 0.13 0.12 0.13 0.12 0.12 0.12 0.12 0.12 0.11 0.12 0.12
0.15 0.14 0.13 0.13 0.14 0.13 0.13 0.13 0.13 0.13 0.13 0.14
0.04 0.04 0.04 0.04 0.04 0.03 0.04 0.04 0.03 0.04 0.04 0.04
0.03 0.03 0.03 0.03 0.03 0.03 0.03 0.04 0.04 0.03 0.03 0.03
0.04 0.04 0.04 0.03 0.03 0.04 0.03 0.03 0.04 0.04 0.04 0.04
0.04 0.04 0.03 0.03 0.03 0.03 0.03 0.03 0.03 0.03 0.03 0.03
0.03 0.04 0.03 0.03 0.04 0.04 0.04 0.04 0.04 0.03 0.03 0.04
0.06 0.09 0.01 0.02 0.01 0.02 0.02 0.02 0.02 0.00 0.01 0.01
0.00 0.00 0.00 0.01 0.01 0.01 0.00 0.00 0.01 0.00 0.00 0.01
0.01 0.01 0.00 0.01 0.00 0.01 0.01 0.00 0.01 0.00 0.01 0.01
0.01 0.00 0.01 0.01 0.00 0.00 0.00 0.01 0.00 0.01 0.00 0.00
0.00 0.00 0.00 0.00 0.00 0.00 0.00 0.00 0.00 0.00 0.00 0.01